8.012971e-03 5.111181e-01
3.589765e-02 4.482839e-01
7.578394e-02 3.404321e-01
1.156702e-01 2.543329e-01
1.555565e-01 1.994641e-01
1.954428e-01 1.638093e-01
2.353291e-01 1.381461e-01
2.752154e-01 1.179260e-01
3.151016e-01 1.013202e-01
3.549879e-01 8.668619e-02
3.874655e-01 7.621387e-02
4.192650e-01 6.708495e-02
4.596507e-01 5.659332e-02
5.039266e-01 4.645915e-02
5.524674e-01 3.719062e-02
6.056838e-01 2.880205e-02
6.640263e-01 2.073622e-02
7.279887e-01 1.394901e-02
7.981122e-01 8.925222e-03
8.749904e-01 5.028716e-03
9.592739e-01 2.564482e-03
1.051676e+00 1.432636e-03
