# Bin weights in order from smallest to largest radius
0.166367 1.3247 0.700588 0.0829454 0.27504 0.29783 0.276478 0.151378 0.11164 0.124986 0.226022 0.0397251 0.0803655 0.0370881 0.0305462 0.0437156 0.0050357 0.0418038 0.0232425 0.00175294 0.00402612 0.00177095 
0.209735 1.25338 0.261842 0.480564 0.177531 0.15055 0.0532679 0.110656 0.217943 0.178455 0.0101594 0.0809348 0.051615 0.0624019 0.0992269 0.0149415 0.0502563 0.0225056 0.018121 0.013192 0.00481382 0.000453762 
0.970286 0.115186 0.293007 0.279789 0.284831 0.00222534 0.0484239 0.0129981 0.26388 0.0308406 0.152391 0.0540219 0.0323418 0.0903905 0.0765606 0.00228058 0.0102193 0.016108 0.0152639 0.00791211 0.00333275 0.00330672 
0.0167434 0.83252 0.368783 0.0325213 0.0650653 0.208085 0.381953 0.235197 0.033027 0.156283 0.186971 0.0905918 0.00220324 0.0874854 0.0392317 0.0502771 0.0178015 0.0102214 0.00391334 0.00663365 0.00603151 0.00408847 
0.31903 0.366699 0.658877 0.345061 0.0922293 0.0430522 0.0197388 0.0161073 0.110224 0.123402 0.151472 0.133181 0.0149801 0.052935 0.0447494 0.0345115 0.0141356 0.0330468 0.00613794 0.00842017 0.00676291 0.00366729 
1.15584 0.722216 0.325278 0.0219955 0.442175 0.216758 0.233847 0.0948898 0.131184 0.114715 0.100771 0.110326 0.0814751 0.0151988 0.0472661 0.0466949 0.0354311 0.00642712 0.00902326 0.013712 0.00423775 0.00371594 
0.350517 0.673984 0.224179 0.150967 0.0580387 0.322558 0.116904 0.0144648 0.207278 0.061267 0.11355 0.0971306 0.120253 0.0686205 0.0974226 0.0498421 0.0485684 0.0210064 0.00347638 0.0109606 0.000666376 0.00225803 
0.800511 0.445019 0.621994 0.271695 0.155333 0.00247764 0.215874 0.0411106 0.0610062 0.191493 0.181852 0.0415702 0.0817508 0.0574467 0.0373006 0.0796394 0.0450447 0.0128866 0.00911091 0.000500007 0.00653415 0.000746762 
0.816017 0.2959 0.934029 0.577728 0.311743 0.113407 0.264832 0.166401 0.186274 0.032424 0.132905 0.0722254 0.00467094 0.0684134 0.00149428 0.0714002 0.0560999 0.0237896 0.00849373 0.0114619 0.0050259 0.00415118 
0.845652 0.0821911 0.711996 0.28901 0.0774981 0.27427 0.209212 0.143856 0.28357 0.0594932 0.105123 0.0109613 0.106265 0.0749193 0.0702733 0.0680871 0.0441457 0.0147656 0.0202164 0.000316813 0.000586886 0.000994695 
0.0391502 1.13837 0.18252 0.0148957 0.318708 0.335018 0.293963 0.297215 0.0887367 0.163698 0.00596542 0.0579096 0.0792513 0.0724641 0.0310208 0.0270301 0.0149159 0.00711086 0.020546 0.00446642 0.00534041 0.00333588 
0.15324 0.201461 0.262899 0.138186 0.156202 0.237245 0.00285664 0.0560544 0.0914948 0.0676551 0.11988 0.166379 0.0271495 0.0809007 0.0520874 0.0436473 0.0198678 0.0333822 0.0148657 0.0116206 0.000738152 0.00307884 
1.30296 0.179059 0.401349 0.119135 0.0393291 0.00424989 0.154025 0.078576 0.0527447 0.0420329 0.165046 0.176121 0.108445 0.0820283 0.00416256 0.0175778 0.0297961 0.0345731 0.0229297 0.0131988 0.00180384 0.000635117 
0.101415 0.108556 0.388951 0.0319243 0.355929 0.153328 0.131004 0.0214002 0.00241275 0.0126959 0.035279 0.128365 0.0630784 0.138456 0.0550391 0.049992 0.0113712 0.00604292 0.00591049 0.00386841 0.00739143 0.000449192 
0.672907 0.215963 0.0900762 0.286308 0.00378693 0.207798 0.016401 0.0884677 0.118444 0.139748 0.18091 0.0265294 0.0447052 0.0953192 0.0667668 0.00360129 0.00662355 0.00213473 0.0265487 0.0137068 0.00527274 0.00163508 
0.326509 0.472792 0.0480154 0.065613 0.4285 0.0706748 0.130767 0.074937 0.109349 0.0553722 0.113008 0.133724 0.0961709 0.0918916 0.053588 0.0591095 0.000860705 0.0380291 0.00215469 0.00654107 0.00644565 0.000649377 
0.0964486 0.409021 0.211037 0.210623 0.157823 0.0537421 0.2778 0.209779 0.0924067 0.00220836 0.0548281 0.125569 0.0870161 0.0414776 0.0298238 0.0123596 0.0103438 0.0319464 0.00757018 0.00472615 0.00704922 0.00270692 
